//Sabados
20160917
20160924
20161001
20161008
20161015
20161022
20161029
20161105
20161112
20161119
20161126
20161203
20161210
20161217
20161224
20161231
20170107
20170114
20170121
20170128
20170204
20170211
20170218
20170225
20170304
20170311
20170318
20170325
20170401
20170408
20170415
20170422
20170429
20170506
20170513
20170520
20170527
20170603
20170610
20170617
20170624
20170701
20170708
20170715
20170722
20170729
20170805
20170812
20170819
20170826
20170902
20170909
20170916
20170923
20170930
20171007
20171014
20171021
20171028
20171104
20171111
20171118
20171125
20171202
20171209
20171216
20171223
20171230
20180106
20180113
20180120
20180127
20180203
20180210
20180217
20180224
20180303
20180310
20180317
20180324
20180331
20180407
20180414
20180421
20180428
20180505
20180512
20180519
20180526
20180602
20180609
20180616
20180623
20180630
20180707
20180714
20180721
20180728
20180804
20180811
20180818
20180825
20180901
20180908
20180915
20180922
20180929
20181006
20181013
20181020
20181027
20181103
20181110
20181117
20181124
20181201
20181208
20181215
20181222
20181229
//Domingos
20160918
20160925
20161002
20161009
20161016
20161023
20161030
20161106
20161113
20161120
20161127
20161204
20161211
20161218
20161225
20170101
20170108
20170115
20170122
20170129
20170205
20170212
20170219
20170226
20170305
20170312
20170319
20170326
20170402
20170409
20170416
20170423
20170430
20170507
20170514
20170521
20170528
20170604
20170611
20170618
20170625
20170702
20170709
20170716
20170723
20170730
20170806
20170813
20170820
20170827
20170903
20170910
20170917
20170924
20171001
20171008
20171015
20171022
20171029
20171105
20171112
20171119
20171126
20171203
20171210
20171217
20171224
20171231
20180107
20180114
20180121
20180128
20180204
20180211
20180218
20180225
20180304
20180311
20180318
20180325
20180401
20180408
20180415
20180422
20180429
20180506
20180513
20180520
20180527
20180603
20180610
20180617
20180624
20180701
20180708
20180715
20180722
20180729
20180805
20180812
20180819
20180826
20180902
20180909
20180916
20180923
20180930
20181007
20181014
20181021
20181028
20181104
20181111
20181118
20181125
20181202
20181209
20181216
20181223
20181230
//Feriados
20161012
20161102
20161115
20161120
20161225
20160101
20170101
20170228
20170301
20170414
20170421
20170501
20170615
20170907
20171012
20171102
20171115
20171120
20171225